Ntraj = 1
nsites = 10
nosc = 10
localDim = 10
maxBondDim = 10
timestep = 0.1
time = 200

el_initial_state =
[0.70710678+0.j 0.70710678+0.j 0.        +0.j 0.        +0.j
 0.        +0.j 0.        +0.j 0.        +0.j 0.        +0.j
 0.        +0.j 0.        +0.j]

elham =
[[ 5.    0.05  0.05  0.05  0.05  0.05  0.05  0.05  0.05  0.05]
 [ 0.05  4.    0.05  0.05  0.05  0.05  0.05  0.05  0.05  0.05]
 [ 0.05  0.05  3.    0.05  0.05  0.05  0.05  0.05  0.05  0.05]
 [ 0.05  0.05  0.05  2.    0.05  0.05  0.05  0.05  0.05  0.05]
 [ 0.05  0.05  0.05  0.05  1.    0.05  0.05  0.05  0.05  0.05]
 [ 0.05  0.05  0.05  0.05  0.05  0.5   0.05  0.05  0.05  0.05]
 [ 0.05  0.05  0.05  0.05  0.05  0.05 -0.5   0.05  0.05  0.05]
 [ 0.05  0.05  0.05  0.05  0.05  0.05  0.05 -1.    0.05  0.05]
 [ 0.05  0.05  0.05  0.05  0.05  0.05  0.05  0.05 -2.    0.05]
 [ 0.05  0.05  0.05  0.05  0.05  0.05  0.05  0.05  0.05 -3.  ]]
freqs = [1.  1.2 1.4 1.6 1.8 2.  2.2 2.4 2.6 2.8 3. ]
temps = [0.01 0.01 0.01 0.01 0.01 0.01 0.01 0.01 0.01 0.01]
coups =
[[ 0.5   0.6   0.7   0.8   0.9   1.    1.1   1.2   1.3   1.4 ]
 [-0.5  -0.6  -0.7  -0.8  -0.9  -1.   -1.1  -1.2  -1.3  -1.4 ]
 [-0.3  -0.4  -0.5  -0.6  -0.7  -0.8  -0.9  -1.   -1.1  -1.2 ]
 [ 0.3   0.4   0.5   0.6   0.7   0.8   0.9   1.    1.1   1.2 ]
 [ 0.1   0.2   0.3   0.4   0.5   0.6   0.7   0.8   0.9   1.  ]
 [ 0.05  0.15  0.25  0.35  0.45  0.55  0.65  0.75  0.85  0.95]
 [-0.05 -0.15 -0.25 -0.35 -0.45 -0.55 -0.65 -0.75 -0.85 -0.95]
 [ 0.02  0.12  0.22  0.32  0.42  0.52  0.62  0.72  0.82  0.92]
 [-0.02 -0.12 -0.22 -0.32 -0.42 -0.52 -0.62 -0.72 -0.82 -0.92]
 [ 0.01  0.11  0.21  0.31  0.41  0.51  0.61  0.71  0.81  0.91]]
damps =
[0.05 0.05 0.05 0.05 0.05 0.03 0.03 0.03 0.03 0.03]

additional_osc_jump_op_dic =
{'1': array([[0.        , 0.        , 0.        , 0.        , 0.        ,
        0.        , 0.        , 0.        , 0.        , 0.        ],
       [0.        , 0.07071068, 0.        , 0.        , 0.        ,
        0.        , 0.        , 0.        , 0.        , 0.        ],
       [0.        , 0.        , 0.14142136, 0.        , 0.        ,
        0.        , 0.        , 0.        , 0.        , 0.        ],
       [0.        , 0.        , 0.        , 0.21213203, 0.        ,
        0.        , 0.        , 0.        , 0.        , 0.        ],
       [0.        , 0.        , 0.        , 0.        , 0.28284271,
        0.        , 0.        , 0.        , 0.        , 0.        ],
       [0.        , 0.        , 0.        , 0.        , 0.        ,
        0.35355339, 0.        , 0.        , 0.        , 0.        ],
       [0.        , 0.        , 0.        , 0.        , 0.        ,
        0.        , 0.42426407, 0.        , 0.        , 0.        ],
       [0.        , 0.        , 0.        , 0.        , 0.        ,
        0.        , 0.        , 0.49497475, 0.        , 0.        ],
       [0.        , 0.        , 0.        , 0.        , 0.        ,
        0.        , 0.        , 0.        , 0.56568542, 0.        ],
       [0.        , 0.        , 0.        , 0.        , 0.        ,
        0.        , 0.        , 0.        , 0.        , 0.6363961 ]]), '2': array([[0.        , 0.        , 0.        , 0.        , 0.        ,
        0.        , 0.        , 0.        , 0.        , 0.        ],
       [0.        , 0.07071068, 0.        , 0.        , 0.        ,
        0.        , 0.        , 0.        , 0.        , 0.        ],
       [0.        , 0.        , 0.14142136, 0.        , 0.        ,
        0.        , 0.        , 0.        , 0.        , 0.        ],
       [0.        , 0.        , 0.        , 0.21213203, 0.        ,
        0.        , 0.        , 0.        , 0.        , 0.        ],
       [0.        , 0.        , 0.        , 0.        , 0.28284271,
        0.        , 0.        , 0.        , 0.        , 0.        ],
       [0.        , 0.        , 0.        , 0.        , 0.        ,
        0.35355339, 0.        , 0.        , 0.        , 0.        ],
       [0.        , 0.        , 0.        , 0.        , 0.        ,
        0.        , 0.42426407, 0.        , 0.        , 0.        ],
       [0.        , 0.        , 0.        , 0.        , 0.        ,
        0.        , 0.        , 0.49497475, 0.        , 0.        ],
       [0.        , 0.        , 0.        , 0.        , 0.        ,
        0.        , 0.        , 0.        , 0.56568542, 0.        ],
       [0.        , 0.        , 0.        , 0.        , 0.        ,
        0.        , 0.        , 0.        , 0.        , 0.6363961 ]])}

additional_osc_output_dic =
{'1': array([[0, 0, 0, 0, 0, 0, 0, 0, 0, 0],
       [0, 1, 0, 0, 0, 0, 0, 0, 0, 0],
       [0, 0, 2, 0, 0, 0, 0, 0, 0, 0],
       [0, 0, 0, 3, 0, 0, 0, 0, 0, 0],
       [0, 0, 0, 0, 4, 0, 0, 0, 0, 0],
       [0, 0, 0, 0, 0, 5, 0, 0, 0, 0],
       [0, 0, 0, 0, 0, 0, 6, 0, 0, 0],
       [0, 0, 0, 0, 0, 0, 0, 7, 0, 0],
       [0, 0, 0, 0, 0, 0, 0, 0, 8, 0],
       [0, 0, 0, 0, 0, 0, 0, 0, 0, 9]]), '2': array([[0, 0, 0, 0, 0, 0, 0, 0, 0, 0],
       [0, 1, 0, 0, 0, 0, 0, 0, 0, 0],
       [0, 0, 2, 0, 0, 0, 0, 0, 0, 0],
       [0, 0, 0, 3, 0, 0, 0, 0, 0, 0],
       [0, 0, 0, 0, 4, 0, 0, 0, 0, 0],
       [0, 0, 0, 0, 0, 5, 0, 0, 0, 0],
       [0, 0, 0, 0, 0, 0, 6, 0, 0, 0],
       [0, 0, 0, 0, 0, 0, 0, 7, 0, 0],
       [0, 0, 0, 0, 0, 0, 0, 0, 8, 0],
       [0, 0, 0, 0, 0, 0, 0, 0, 0, 9]])}

Total time consumed for simulation: 210.12 seconds
