Ntraj = 1000
nsites = 2
nosc = 2
localDim = 10
maxBondDim = 10
timestep = 0.1
time = 200

el_initial_state =
[1.+0.j 0.+0.j]

elham =
[[ 0.5   0.05]
 [ 0.05 -0.5 ]]
freqs = [1.  1.2]
temps = [0 0]
coups =
[[ 0.5  0.6]
 [-0.5 -0.6]]
damps =
[0.05 0.05]

additional_osc_jump_op_dic =
{}

additional_osc_output_dic =
{'1': array([[0, 0, 0, 0, 0, 0, 0, 0, 0, 0],
       [0, 1, 0, 0, 0, 0, 0, 0, 0, 0],
       [0, 0, 2, 0, 0, 0, 0, 0, 0, 0],
       [0, 0, 0, 3, 0, 0, 0, 0, 0, 0],
       [0, 0, 0, 0, 4, 0, 0, 0, 0, 0],
       [0, 0, 0, 0, 0, 5, 0, 0, 0, 0],
       [0, 0, 0, 0, 0, 0, 6, 0, 0, 0],
       [0, 0, 0, 0, 0, 0, 0, 7, 0, 0],
       [0, 0, 0, 0, 0, 0, 0, 0, 8, 0],
       [0, 0, 0, 0, 0, 0, 0, 0, 0, 9]]), '2': array([[0, 0, 0, 0, 0, 0, 0, 0, 0, 0],
       [0, 1, 0, 0, 0, 0, 0, 0, 0, 0],
       [0, 0, 2, 0, 0, 0, 0, 0, 0, 0],
       [0, 0, 0, 3, 0, 0, 0, 0, 0, 0],
       [0, 0, 0, 0, 4, 0, 0, 0, 0, 0],
       [0, 0, 0, 0, 0, 5, 0, 0, 0, 0],
       [0, 0, 0, 0, 0, 0, 6, 0, 0, 0],
       [0, 0, 0, 0, 0, 0, 0, 7, 0, 0],
       [0, 0, 0, 0, 0, 0, 0, 0, 8, 0],
       [0, 0, 0, 0, 0, 0, 0, 0, 0, 9]])}

Total time consumed for simulation: 7494.95 seconds
